
CustomerID <-c("17850","13047","12583","13748","15100")
CustomerID

UnitPrice <- c(2.55,1.69,3.75,2.55,10.95)
UnitPrice

Quantity <- c(6,32,24,80,32)
Quantity

InvoiceTimeStamp <- c("12/01/2010  08:26:00","05/08/2011  12:42:00","03/27/2011  04:08:00","03/28/2011  07:53:00","08/10/2011  05:11:00")
InvoiceTimeStamp
 